98513
98044
92545
08641
05972
03822
08252
91305
06732
95122
94123
08637
95606
04955
05313
95134
09431
02952
96261
95153
98026
97664
96261
93030
07684
07661
04445
96901
95146
90084
07254
94654
08241
08273
93551
94365
93004
97611
05304
99111
93008
09101
04425
92101
94101
96615
09412
96901
07632
98251
08631
94149
96701
08642
04016
06723
07301
92201
05935
98021
99126
94634
93503
91631
05305
08635
01305
94353
06781
95175
03811
08901
94148
98001
98601
95612
93052
08614
96901
01861
04458
03204
09042
02963
07264
04442
03842
09402
97664
04413
90027
08235
93536
07672
94141
03483
05315
04921
02001
07253
04445
07641
97653
93574
91934
05306
90877
94356
91907
98601
95607
01004
93052
93032
07244
90082
07244
07243
03815
04416
02311
03844
95601
98032
91325
02942
03221
03105
03223
04457
93031
01815
03845
08266
91311
09005
94616
94614
08604
04416
91909
92901
01852
93505
04912
95601
92055
07653
92526
91908
01853
04447
98401
03844
95636
01853
04445
90032
91961
92209
90877
90879
07632
93587
91307
95618
07643
07642
98041
04942
07205
95113
94131
97664
04934
07605
96801
06601
08205
06701
91927
91642
94617
08203
98046
02953
01004
07612
96261
09101
98502
09101
95701
08701
90613
06773
08274
02801
08274
08611
08241
93502
03822
90885
95842
91625
09031
99101
97662
05373
94355
01812
04951
08643
94635
91928
91642
96233
98023
04443
98512
07677
03823
90086
04501
05304
91910
09022
90614
04420
03223
98601
04447
07244
99122
05993
04473
04413
98541
04441
97701
09023
05362
09434
97245
03804
07613
01401
96601
96602
08242
91611
02601
96241
96262
09033
95117
09414
98042
07605
09016
90633
96252
04471
91611
91943
97101
08602
08637
95637
98522
98545
95124
06716
06702
96251
91621
93524
93568
95143
04445
98558
93040
09435
94602
98601
04414
95301
90843
90089
90604
91627
93563
90083
97229
99125
07211
04471
94132
95107
95103
95616
99122
01816
99141
08214
07617
93039
97246
97901
07681
97401
95608
94105
06723
07632
91601
06752
08301
99101
08207
08256
92042
95182
01856
05906
98503
07671
09301
01315
94619
07643
05333
95653
04936
07643
92506
02313
95305
09434
07901
97652
92508
94603
98031
95161
93008
02712
06542
98043
04447
04912
03901
04801
06735
08271
99135
08263
05322
03842
09405
07661
09303
04501
06712
94603
94150
04973
91953
96901
93585
03101
08213
09431
96212
96205
93504
96265
95703
03802
92581
97224
97225
98552
01331
91901
02354
02755
92705
04955
09413
06782
01332
05401
09002
97226
04471
07641
91954
09423
98553
93031
09001
04925
02051
90602
90088
05302
99128
02061
91965
97698
01802
97401
91443
93531
92563
99102
96621
96701
96601
91952
02001
95145
91927
96241
95701
95102
91902
92061
99124
92502
93585
91641
99103
92061
97223
98542
92052
96251
93014
97603
01341
92541
03802
02601
018 21
92204
94143
93537
93010
02345
95106
93587
96265
01816
05302
97639
97653
07674
92241
05314
98023
03802
96268
98023
08301
08204
04401
96251
08201
91303
98003
04942
04431
93503
98262
98507
08612
01841
95703
94135
98035
91323
90090
09011
92208
90862
96261
03823
98041
08271
05305
03212
06773
97633
07215
96212
92221
96271
08644
01852
08252
94656
98021
02302
90042
93021
09101
01501
09431
04445
01822
04419
06541
99127
95611
95655
07662
92056
04402
94131
07501
01315
07205
93566
07233
98251
08701
98601
08216
03842
06501
08602
08642
08237
08212
93005
08602
90061
03211
92401
05801
02053
01302
94342
90845
90848
05601
98201
98031
04912
98046
04922
98262
98004
98252
04916
98035
04913
08267
05942
08604
09405
08701
09406
99122
04932
04924
95108
04455
98002
03214
04457
05305
98556
98252
08266
09022
06722
04414
02732
06752
04402
03901
04402
98701
95603
98033
95133
06545
95655
06534
91307
90043
08256
04457
08001
04934
08646
06712
09431
05305
08645
05301
97603
07216
01802
09023
06101
09002
07234
06783
08614
05563
97668
04923
05333
09302
08235
04445
08235
09434
08642
08622
97661
05363
02713
90631
01401
96601
07301
06501
05332
05375
07233
98031
98002
04421
93584
09405
94616
93034
90851
98557
05994
04932
93555
96271
96265
96268
93586
07301
02061
95132
91965
02741
97681
01803
97401
01835
93036
93052
93531
99102
91333
03846
97248
96701
96604
91324
91965
95631
95145
96243
93013
95641
91903
92062
99124
97405
93584
91442
99103
95603
92066
93581
97222
98026
92052
96251
93033
01342
03802
01821
93537
96275
02345
95106
02062
07202
92545
98004
95194
98023
95102
95191
04402
06735
05911
05912
91632
01004
96678
08233
06773
08901
08611
06701
91332
08606
05315
05971
95854
90612
91633
91616
98052
07603
06522
05916
91614
04442
07615
04944
07622
01341
96205
05351
98262
93601
98266
91935
91612
98012
97637
06545
97645
93561
97631
96611
93527
96653
90050
91611
95125
06723
90301
99142
04943
95613
91611
02952
93039
92221
08266
03491
98050
04913
06745
94144
06601
05992
09003
90613
90301
07251
98542
08636
02732
93041
01356
03231
04412
98044
94365
02755
06741
06401
08215
08633
08212
08233
95176
91304
07263
90025
04402
09021
94631
95501
98042
05363
99108
04444
95175
97232
90864
99121
92205
95638
98262
97213
90606
04474
95633
04918
90084
05994
96701
01901
05311
96901
94652
93535
07211
07264
99110
93582
93575
02753
03483
03845
98042
90028
95112
91305
94639
03223
07672
06713
90086
90632
90621
05303
04943
93506
90054
01352
95621
93021
05561
08301
06512
90063
08256
03204
08301
09031
06761
03221
97231
92231
96241
03301
05322
98042
04405
93039
06724
08242
96624
08641
05913
92522
08203
97701
06531
95148
08263
01817
97675
06601
07301
02601
09405
01319
03822
91930
04423
94134
96701
09435
07211
94110
05956
03844
91601
08636
95196
95173
92523
95143
98532
07252
93536
98002
98004
95845
05904
04945
07232
93557
08901
93004
05994
09412
07205
92592
03822
03482
05342
90043
06801
98501
93532
06772
91637
08701
98531
98252
04418
07236
95612
04962
97244
08271
06783
94365
01854
94601
94357
01314
09303
99127
94358
99201
06783
06532
97217
95124
09001
90084
08212
07901
07633
03815
06745
07602
91955
90849
07613
01332
04447
09011
04955
04458
08201
98045
93564
06001
99106
92064
01319
97215
03401
09421
96677
95153
03843
95844
05302
99110
08244
06772
98055
01802
02941
07631
94619
96225
02322
07231
02322
02352
02304
93007
05351
08622
94162
04923
08701
08622
04935
98052
97202
92204
91631
08646
06601
08232
05552
08252
04413
06511
95841
99109
01354
94603
06766
09031
07261
05342
06761
94133
09301
08611
04455
94106
03496
94121
95613
98032
03204
01313
07263
90848
96701
92001
08643
08645
97634
09005
02321
07262
09031
96204
05305
03473
99125
99111
96624
04431
95177
01705
90062
90301
97226
91304
91613
93003
97241
90615
09406
01864
01831
04465
04441
04442
04445
06712
91901
04413
03841
01361
98553
01302
04942
96237
99106
90603
90863
95615
93522
96615
96241
08612
07601
09022
08701
96701
09005
09003
92202
98045
97634
92541
03233
92591
02751
04444
96265
93003
07701
98026
08273
95653
01303
95843
02302
04945
04941
07201
06801
07661
05918
94636
07251
06522
96701
07255
09031
07901
02755
96204
08271
08604
96205
01852
91311
91626
08604
05901
08233
91924
98525
95619
98267
05342
03854
93401
95603
09032
96301
02954
09101
95631
08604
09002
04951
97901
95641
93575
08612
09421
90052
90878
08644
93701
01313
96701
04932
93564
08612
05401
09016
08604
07232
92901
93035
90801
95621
07612
08241
03223
09402
02062
93041
98054
06548
97401
04481
93030
96901
07602
02334
90067
96244
06501
06601
08212
01863
95177
07634
96501
09003
96265
90876
08645
03843
07237
07614
07201
98545
97211
03211
02055
08232
02063
02061
95145
06546
95136
98053
97242
98511
96601
05906
07254
94365
07684
08203
08606
98044
05907
98050
98513
92041
99108
08207
07101
06533
02601
05313
90844
98262
98262
05401
03842
95638
04914
08203
02712
01822
05321
06745
03822
97227
01318
01311
90091
08271
97232
08212
08215
08612
94102
98531
08236
94614
98023
03861
95601
04942
03223
03244
03472
03473
03301
03223
03401
03483
05940
03221
03214
03223
03474
03484
03301
03203
03483
03204
03301
03101
03481
96271
96244
06531
95632
08605
02334
93538
02951
97653
02954
09033
06503
93575
90863
08641
02336
91904
95192
96621
96623
98554
90055
07205
94353
03214
04918
05971
97655
91612
06711
03491
98511
99102
06541
08242
93003
97661
08207
04942
08701
05303
08271
96701
03482
07234
03482
95188
95611
95144
03471
04015
07614
91633
06724
95123
08621
96231
08605
98026
02053
94614
93535
98511
96622
08257
01305
95703
95607
08701
95141
02054
01305
93032
93014
93028
92242
04916
95193
91922
06101
09409
02356
09023
99108
97101
01501
09402
05978
95654
04420
96642
04481
92521
94365
09024
07682
04431
90101
97405
02601
03215
08606
07206
02732
92901
95637
95154
94361
93521
95803
01816
90874
93701
07801
07217
95607
99001
07642
95803
95182
95124
99122
98526
97213
90045
03234
95107
03845
07652
07636
99001
95104
06546
06001
08267
08001
91929
94145
95191
94632
05501
08645
90033
07206
04934
05321
01351
95301
03495
98041
94701
98511
06732
05321
09431
05904
09042
07901
92501
06546
96265
09005
93007
97652
08221
04425
09431
97696
02601
06801
91305
95201
04912
05936
92061
09423
02052
09041
08701
93041
95701
08501
06773
93035
94162
07614
96261
09423
97657
07101
08244
09024
08636
98401
01857
04458
90042
08271
09032
08206
09005
91612
98502
09016
05976
05991
05376
91321
05564
06522
94637
95131
96982
90001
06782
94633
91635
99201
93539
95115
01001
02072
94104
05001
04501
08601
90865
04501
07203
92221
91642
90871
90046
92507
03844
03821
91626
97613
08267
91326
97602
97401
09034
98531
94632
04447
99122
04901
05001
04901
05001
02963
94352
06601
98553
93556
97644
95632
06801
91965
05333
02901
94360
04961
93006
03812
95843
95635
92585
01302
97212
06733
97401
08212
08612
95501
95181
97697
95622
05302
91441
99126
91326
98045
02341
94651
95172
97227
95162
96701
01324
02071
98557
95605
95616
97213
97226
97221
97222
02743
92206
03234
04018
06734
08901
04445
04415
09032
09001
08636
07301
09407
04923
08621
01306
06711
07252
05371
06502
98252
04416
09421
09422
04412
09005
09301
04473
04425
09011
98052
08275
08602
07617
03854
95638
96801
98034
91308
02305
90029
01851
09404
91635
05986
06511
04444
08901
06768
99105
91631
95151
94342
04421
97271
98542
91501
95124
94002
07602
07501
04417
90301
93533
93038
93567
99105
94304
04481
07675
06542
95195
91622
05322
06722
02335
04935
93028
93010
94613
09042
08212
05361
93039
08257
02352
06704
99122
08646
05373
09022
05361
06716
08276
04419
95641
91443
07652
08636
09401
03822
08233
93551
04465
91311
95144
97202
99107
99125
04447
91932
95614
97633
98042
02964
02957
02947
02754
02962
02742
02741
05306
07251
93002
93052
90863
07223
95606
06543
96652
04444
08612
02601
06734
08642
97247
97645
96261
95634
92201
07255
08222
96677
05979
90612
02301
95655
98262
01004
08238
98524
04941
92901
98023
09407
94111
07213
06801
95105
98532
04471
06733
91601
01813
07662
06735
02601
03215
02053
93574
92063
04932
01341
92553
92901
94639
03101
05371
91942
94359
03221
09431
98001
07214
95803
06735
92207
95636
93503
08256
04405
04474
90053
09433
07206
08602
91326
90844
08253
08001
98035
09431
07262
07101
01353
04935
92101
06901
90089
98553
96681
98401
07254
09405
96611
93582
93569
93541
90636
90635
90068
06544
06545
07501
98531
04911
01826
96263
04444
98265
91623
01815
96901
02742
90605
94148
05993
08212
95146
01318
96982
07264
97242
03852
95501
08006
97613
98551
91616
93527
95652
91622
06503
98554
01822
05956
03301
02357
96261
97669
95102
97656
97662
93562
95638
02601
05305
07684
08611
90701
98513
98262
95115
08273
97666
98701
97216
05305
97633
04424
98267
90861
05323
90622
07255
97211
07232
06741
08612
01311
07261
09421
99122
03483
98267
09101
93052
91625
91626
02333
92901
97655
94151
07201
99103
98511
05562
95622
92211
97216
99121
95635
95501
01815
01351
04901
96973
95612
96601
08001
99125
07651
02741
03842
03242
97611
07261
90615
90611
90849
90634
97101
04914
09005
06766
09408
08214
96604
09431
03223
98541
01852
95703
01822
09005
06741
07677
02601
02001
93505
07222
06541
92554
92528
08214
02944
02945
07637
08242
94147
90847
98042
97248
02336
09042
95605
91930
90863
02304
94638
06701
09431
98558
09405
95632
01501
01315
01313
91631
04416
04961
02351
08901
07203
92208
04931
03842
03901
05976
98021
04445
98531
08641
91905
93039
94110
98262
98601
98265
92042
03854
98265
98267
98266
92231
08266
97231
97697
08261
08633
04926
05904
97251
09431
07241
08263
06704
96603
04473
08621
05001
04918
98045
05351
08501
98053
98042
97901
98054
98053
95121
90604
93030
09407
90638
04936
08241
08601
06713
06801
01322
06702
04935
90501
90041
98524
09016
98267
06732
04442
04932
09011
08271
04801
04931
94136
02331
09435
04801
05323
97226
04423
90623
03822
96651
95137
98050
06765
07677
07264
09407
08005
09408
09431
06542
06772
04419
07301
95654
07264
06766
98552
91961
98542
95636
90604
98265
93523
91611
96901
96255
08301
09413
01816
04441
94361
93587
93006
98265
96262
92065
93585
97401
97205
96266
97226
99110
07801
09414
02755
08243
09409
01854
07251
90880
99127
96251
98013
97611
91336
04471
92572
94132
04458
90301
08203
90501
07213
99101
96243
92601
96231
02946
97653
93701
94359
92052
04952
04911
04943
04964
07603
95853
90901
02314
91331
04411
98262
99105
03803
03847
96603
09433
95185
92521
04417
04418
96622
93584
95653
96225
05361
04911
07217
01854
04934
04936
95171
95152
07237
07612
98023
01821
03843
09402
97613
91942
05902
06722
99107
99102
06713
07633
03822
90026
05340
08633
05311
91904
90842
05565
05566
90603
03205
08606
02332
06901
91338
09042
90605
07301
03843
04431
04457
94617
94614
92231
09435
95617
95638
07653
09031
90637
07635
06722
05901
06101
05934
05918
05904
05304
05201
05361
05302
05363
05914
05314
06761
07616
03492
07661
98034
02304
98511
96225
96501
91635
05952
06401
90701
91601
05334
07223
06546
93556
93526
09023
08633
06533
01325
05976
98251
01313
04971
01304
07652
07222
07631
99124
94137
98262
97655
07213
02001
06773
08901
09101
98034
05304
90875
08643
90031
01812
03852
96271
08243
02713
91901
99135
07101
99103
90064
06702
06546
95614
01352
91601
98012
98001
07635
95116
07255
94148
07683
96972
90021
03211
94657
01332
01701
08602
06716
09002
08901
08232
04445
07637
91324
05921
94354
95606
02312
93601
90607
92554
95606
93571
06545
93101
07201
91642
09101
09005
08212
08214
08205
08637
08273
06548
08222
08266
09042
94342
93552
08612
90841
98541
91909
09003
04421
90081
98558
08622
98601
98003
08236
92551
95653
92203
99127
98002
08237
95638
04914
06773
98507
92552
91951
97401
98023
94632
90645
02744
90086
08235
09401
95115
05351
09042
92203
97681
03401
01355
95101
04932
04426
05937
98045
94301
91305
93040
01501
99101
97671
05939
94201
95126
98033
91925
97201
03854
05334
03491
98034
95201
97634
02951
08601
07252
05956
93535
92062
96652
93541
96654
93551
97673
95161
97229
04431
05201
01301
92066
98023
96268
01306
08005
08267
95621
95176
92582
07301
08274
95652
09101
98061
93521
98522
09034
92504
90044
98021
98556
06765
95193
91601
92592
93011
06745
05995
98201
08276
05371
09401
95501
94615
91933
94146
94619
92210
04481
98531
95653
07501
03841
99127
98532
91401
91321
91307
91322
91311
91451
93013
07204
96611
07231
93032
07801
96234
08212
90851
92571
03841
08641
96244
04445
02801
93004
03221
04411
92542
91905
98512
08207
01855
08213
93584
93551
03853
09033
06723
03848
95844
03851
03802
03861
03901
03843
03841
04918
97602
90301
01312
03483
04402
96234
02354
07202
97214
05971
95622
02744
94110
06773
07242
06731
01801
06545
93505
05566
03203
98525
95641
95701
94103
06767
05371
96241
90846
95602
98506
08266
98022
08263
08261
91613
09003
92562
04443
04413
97228
03496
06783
03835
06701
98252
09042
97669
08641
09002
08636
09023
08205
01303
02951
02901
09431
03242
03261
04402
98050
98034
09412
07615
95171
02754
99109
97101
01501
95115
05978
91324
04455
96641
06534
04481
05952
96231
92532
98532
93051
07682
98501
99110
91311
93001
02732
98542
95654
95601
92901
95638
95655
95154
07901
94621
92207
93521
95803
90873
94142
93565
92201
07801
96674
07675
07243
95607
01362
07677
99001
07642
93581
95841
92522
95182
95135
99123
09101
90024
98022
95105
03845
93534
05551
07652
07636
95845
99001
94107
95104
06533
99103
93201
05991
08267
08221
06731
95501
05917
92208
03104
98559
99102
93002
91626
02001
98021
95152
96225
05919
99128
07631
90023
07231
95106
92555
90201
94638
06541
09021
01861
07661
98262
91616
01323
90085
02712
08238
06724
05363
09431
09023
04924
03213
92584
91923
97631
94144
05972
05971
90044
98044
91942
07672
07622
07683
93031
05361
05902
07261
09101
07221
06701
95187
96681
95605
92505
95201
90849
93025
07216
05972
94501
92203
07101
99106
97653
01705
03831
01852
03861
04413
04447
05902
95144
93016
02053
05914
96602
06716
95635
96901
08274
02355
07214
90066
09021
93577
03234
04018
06734
08901
04445
04415
09032
09001
08636
07241
09407
04926
08006
08621
06711
93531
07251
07241
05371
06502
98252
04416
09034
06732
09409
04412
09005
08645
02601
04474
04425
09011
98052
05373
08602
09433
02801
03803
08253
91307
04402
98042
07253
99106
96681
90101
90065
08216
97901
02956
02311
93701
90028
05904
07234
91105
09415
02052
01705
07653
09408
95501
99121
95501
07233
06601
05333
97667
03202
90872
02705
07801
95142
06768
06713
08633
02303
93555
06701
06712
07223
01319
04441
91921
02743
94614
97243
91307
92554
96241
07634
07616
07236
07213
06777
07601
07605
07217
07602
08252
04461
08601
93039
94612
09433
95637
98503
95191
01832
90051
99122
02064
02732
06733
02943
96201
91901
03840
95852
05571
05973
09403
04402
96681
07216
04411
05955
08206
05361
96234
08701
03215
93701
08644
93502
93557
03205
98201
96501
96301
92583
95192
98021
08241
95174
04445
95201
95641
92042
08001
96671
